6
74
41
40
30
68
2
2
47
47
34
50
33
23
30
40
59
52
1
67
33
45
-6
44
39
40
62
22
41
19
6
16
63
51
-9
36
15
23
18
38
29
52
43
2
28
22
-12
72
29
66
28
36
18
35
-16
20
-5
43
35
26
41
12
52
40
15
20
106
20
61
52
-4
33
57
5
19
27
20
38
48
11
15
39
37
18
39
4
37
13
29
25
41
23
38
49
47
88
52
24
21
30
77
17
36
53
12
11
50
-8
0
20
6
30
51
32
23
20
34
57
17
16
61
34
27
46
15
37
40
66
22
71
32
13
30
46
35
72
19
34
22
47
47
32
35
36
26
40
55
16
42
38
16
1
24
44
45
29
28
58
70
34
46
48
31
24
27
26
-26
81
70
26
35
56
40
17
58
1
63
52
5
12
21
68
28
40
16
30
42
63
38
3
32
26
-1
72
-22
42
44
18
2
19
10
23
2
-12
32
58
49
13
55
71
52
15
72
50
41
24
